1.000000e+00 -2.602085e-18 4.586175e-17 2.334000e-10 0.000000e+00 1.000000e+00 -5.274898e-19 -7.682854e-12 3.035766e-18 -6.511566e-19 1.000000e+00 9.951044e-10
1.000000e+00 -2.234779e-04 -2.130597e-05 3.495931e-03 2.234895e-04 9.999998e-01 5.454055e-04 7.597173e-03 2.118407e-05 -5.454101e-04 9.999999e-01 -1.060643e-02
9.999999e-01 1.097958e-04 3.424600e-04 4.333281e-03 -1.097830e-04 1.000000e+00 -3.743414e-05 1.157587e-02 -3.424641e-04 3.739653e-05 9.999999e-01 -2.141724e-02
9.999999e-01 3.750318e-04 -1.760185e-05 7.654419e-03 -3.750324e-04 9.999999e-01 -3.511712e-05 2.017520e-02 1.758868e-05 3.512371e-05 1.000000e+00 -2.621489e-02
9.999999e-01 4.196557e-04 1.783608e-04 1.345690e-02 -4.197338e-04 9.999998e-01 4.379553e-04 3.473942e-02 -1.781770e-04 -4.380300e-04 9.999999e-01 -2.910434e-02
9.999999e-01 2.674216e-04 1.860233e-04 1.717858e-02 -2.674417e-04 1.000000e+00 1.079814e-04 4.537398e-02 -1.859944e-04 -1.080312e-04 1.000000e+00 -4.043643e-02
1.000000e+00 1.606103e-04 1.184827e-04 1.979697e-02 -1.606139e-04 1.000000e+00 3.072000e-05 5.946170e-02 -1.184777e-04 -3.073903e-05 1.000000e+00 -5.289503e-02
9.999999e-01 3.144329e-04 2.227700e-04 2.064687e-02 -3.145117e-04 9.999999e-01 3.535979e-04 6.631524e-02 -2.226588e-04 -3.536678e-04 9.999999e-01 -6.776407e-02
9.999999e-01 3.539025e-04 3.209183e-04 2.353717e-02 -3.539128e-04 9.999999e-01 3.159254e-05 7.427516e-02 -3.209071e-04 -3.170611e-05 9.999999e-01 -8.030195e-02
9.999998e-01 2.322088e-04 5.167500e-04 2.781731e-02 -2.322098e-04 1.000000e+00 1.770000e-06 8.504210e-02 -5.167496e-04 -1.890000e-06 9.999999e-01 -9.232302e-02
9.999998e-01 2.268125e-04 6.357043e-04 2.905667e-02 -2.268778e-04 1.000000e+00 1.026161e-04 9.086622e-02 -6.356809e-04 -1.027603e-04 9.999998e-01 -9.993861e-02
9.999998e-01 3.680869e-04 5.563769e-04 2.611564e-02 -3.681239e-04 9.999999e-01 6.628141e-05 8.894555e-02 -5.563524e-04 -6.648620e-05 9.999998e-01 -9.176121e-02
9.999998e-01 3.283357e-04 4.905868e-04 2.643881e-02 -3.283937e-04 9.999999e-01 1.179576e-04 8.235881e-02 -4.905480e-04 -1.181186e-04 9.999999e-01 -7.578587e-02
9.999998e-01 3.232730e-04 5.165950e-04 3.021329e-02 -3.233892e-04 9.999999e-01 2.247123e-04 4.585716e-02 -5.165223e-04 -2.248793e-04 9.999998e-01 -3.522118e-02
9.999998e-01 4.054334e-04 4.867306e-04 3.338834e-02 -4.056194e-04 9.999998e-01 3.819487e-04 1.396429e-02 -4.865756e-04 -3.821459e-04 9.999998e-01 -4.907897e-03
9.999998e-01 4.737381e-04 4.160329e-04 3.644441e-02 -4.739314e-04 9.999998e-01 4.645913e-04 -2.925566e-02 -4.158127e-04 -4.647883e-04 9.999998e-01 3.012889e-02
9.999998e-01 3.767140e-04 4.256855e-04 3.870039e-02 -3.769275e-04 9.999998e-01 5.015732e-04 -6.127748e-02 -4.254965e-04 -5.017335e-04 9.999998e-01 4.743734e-02
9.999998e-01 4.419125e-04 3.850133e-04 3.770416e-02 -4.421393e-04 9.999997e-01 5.889250e-04 -9.006758e-02 -3.847529e-04 -5.890950e-04 9.999998e-01 7.110506e-02
9.999998e-01 4.749398e-04 3.705512e-04 3.611422e-02 -4.751315e-04 9.999998e-01 5.170375e-04 -1.212809e-01 -3.703055e-04 -5.172134e-04 9.999998e-01 9.700836e-02
9.999998e-01 3.707639e-04 4.148085e-04 3.679939e-02 -3.709791e-04 9.999998e-01 5.186850e-04 -1.486812e-01 -4.146161e-04 -5.188387e-04 9.999998e-01 1.217362e-01
9.999998e-01 4.273832e-04 5.067701e-04 3.864675e-02 -4.276223e-04 9.999998e-01 4.717402e-04 -1.798703e-01 -5.065683e-04 -4.719567e-04 9.999998e-01 1.525482e-01
9.999998e-01 4.468188e-04 4.013938e-04 3.983599e-02 -4.470283e-04 9.999998e-01 5.217578e-04 -2.007300e-01 -4.011606e-04 -5.219371e-04 9.999998e-01 1.721983e-01
9.999998e-01 4.441315e-04 3.452425e-04 4.219238e-02 -4.443778e-04 9.999996e-01 7.133180e-04 -2.302285e-01 -3.449255e-04 -7.134712e-04 9.999997e-01 2.004989e-01
9.999997e-01 4.359259e-04 6.305202e-04 4.521699e-02 -4.363317e-04 9.999997e-01 6.435320e-04 -2.665216e-01 -6.302394e-04 -6.438068e-04 9.999996e-01 2.206443e-01
9.999995e-01 4.119826e-04 8.595250e-04 4.766287e-02 -4.125503e-04 9.999997e-01 6.603125e-04 -3.003088e-01 -8.592526e-04 -6.606667e-04 9.999994e-01 2.471010e-01
9.999996e-01 4.023089e-04 7.808083e-04 4.914175e-02 -4.028533e-04 9.999997e-01 6.970912e-04 -3.220461e-01 -7.805276e-04 -6.974053e-04 9.999995e-01 2.623322e-01
9.999994e-01 4.194436e-04 9.888302e-04 5.078952e-02 -4.201212e-04 9.999997e-01 6.850440e-04 -3.463023e-01 -9.885425e-04 -6.854588e-04 9.999993e-01 2.815269e-01
9.999993e-01 4.331681e-04 1.056674e-03 5.221946e-02 -4.338640e-04 9.999997e-01 6.583690e-04 -3.652499e-01 -1.056389e-03 -6.588269e-04 9.999992e-01 2.947774e-01
9.999991e-01 3.160796e-04 1.337492e-03 5.502384e-02 -3.167764e-04 9.999998e-01 5.207077e-04 -3.943443e-01 -1.337327e-03 -5.211308e-04 9.999990e-01 3.159316e-01
9.999988e-01 2.795011e-04 1.521107e-03 5.671612e-02 -2.799622e-04 9.999999e-01 3.029311e-04 -4.129487e-01 -1.521023e-03 -3.033565e-04 9.999988e-01 3.281047e-01
9.999988e-01 2.294967e-04 1.550353e-03 5.786150e-02 -2.297462e-04 1.000000e+00 1.606770e-04 -4.288569e-01 -1.550316e-03 -1.610329e-04 9.999988e-01 3.380795e-01
9.999984e-01 2.218313e-04 1.763195e-03 5.901894e-02 -2.219139e-04 1.000000e+00 4.659758e-05 -4.470084e-01 -1.763185e-03 -4.698880e-05 9.999984e-01 3.493208e-01
9.999977e-01 2.254160e-04 2.152542e-03 5.968203e-02 -2.255819e-04 1.000000e+00 7.679193e-05 -4.592747e-01 -2.152525e-03 -7.727734e-05 9.999977e-01 3.552239e-01
9.999967e-01 1.851270e-04 2.553492e-03 6.002292e-02 -1.851197e-04 1.000000e+00 -3.097991e-06 -4.729102e-01 -2.553493e-03 2.625247e-06 9.999967e-01 3.619946e-01
9.999959e-01 2.360761e-04 2.849962e-03 6.014750e-02 -2.360912e-04 1.000000e+00 4.967276e-06 -4.820349e-01 -2.849961e-03 -5.640141e-06 9.999959e-01 3.644177e-01
